3,2
3,1
3,3
10,84
10,160
10,144
10,32
10,8
10,88
10,94
11,24
8,8
8,11
8,10
8,9
52,4
52,3
52,2
52,1
52,0
51,4
51,3
51,2
51,1
51,0
50,4
50,3
50,2
50,1
50,0
20,3
20,2
20,1
19,2
19,3
19,1
12,3
12,2
12,1
11,26
11,22
11,20
11,18
11,16
11,14
11,12
11,10
11,8
11,6
11,4
11,3
11,2
11,1
10,302
10,272
10,246
10,230
10,222
10,204
10,194
10,186
10,170
10,164
10,156
10,152
10,132
18,1
10,122
18,3
10,6
10,3
10,2
14,1
10,1
14,3
9,7
9,6
13,1
9,4
9,3
13,3
9,2
9,1
8,18
8,17
8,16
8,15
8,13
8,7
8,6
8,5
8,4
8,3
8,2
8,1
4,87
4,86
4,84
4,83
4,82
